%TGIF 4.1.43
state(0,37,100.000,0,0,0,16,1,6,1,1,0,0,1,2,1,0,'Times-Roman',0,138240,0,0,1,5,-10,0,1,1,0,6,0,0,1,1,1,1,1050,1485,1,0,2880,0).
%
% @(#)$Header$
% %W%
%
unit("1 pixel/pixel").
color_info(19,65535,0,[
	"magenta", 65535, 0, 65535, 65535, 0, 65535, 1,
	"red", 65535, 0, 0, 65535, 0, 0, 1,
	"green", 0, 65535, 0, 0, 65535, 0, 1,
	"blue", 0, 0, 65535, 0, 0, 65535, 1,
	"yellow", 65535, 65535, 0, 65535, 65535, 0, 1,
	"pink", 65535, 48830, 52942, 65535, 49344, 52171, 1,
	"cyan", 0, 65535, 65535, 0, 65535, 65535, 1,
	"CadetBlue", 25443, 40606, 40092, 24415, 40606, 41120, 1,
	"white", 65535, 65535, 65535, 65535, 65535, 65535, 1,
	"black", 0, 0, 0, 0, 0, 0, 1,
	"DarkSlateGray", 12593, 19789, 21074, 12079, 20303, 20303, 1,
	"#00000000c000", 0, 0, 48573, 0, 0, 49152, 1,
	"#820782070000", 33924, 33410, 0, 33287, 33287, 0, 1,
	"#3cf3fbee34d2", 14649, 64507, 12593, 15603, 64494, 13522, 1,
	"#3cf3fbed34d3", 14649, 64507, 12593, 15603, 64493, 13523, 1,
	"#ffffa6990000", 65535, 42662, 0, 65535, 42649, 0, 1,
	"#ffff0000fffe", 65535, 0, 65535, 65535, 0, 65534, 1,
	"#fffe0000fffe", 65535, 0, 65535, 65534, 0, 65534, 1,
	"#fffe00000000", 65535, 0, 0, 65534, 0, 0, 1
]).
script_frac("0.6").
fg_bg_colors('cyan','white').
dont_reencode("FFDingbests:ZapfDingbats").
page(1,"",1,'').
box('cyan','',305,50,325,70,1,1,1,17,0,0,0,0,0,'1',0,[
]).
text('black',330,43,1,0,1,120,28,91,22,6,2,-10,0,0,2,120,28,0,0,"",0,0,0,0,65,'',[
minilines(120,28,0,0,0,-10,0,[
mini_line(120,22,6,0,0,0,[
str_block(0,120,22,6,0,-1,0,0,0,[
str_seg('black','Times-Roman',0,138240,120,22,6,0,-1,0,0,0,0,0,
	"s6_180mins")])
])
])]).
box('#fffe00000000','',305,80,325,100,1,1,1,99,0,0,0,0,0,'1',0,[
]).
box('#fffe0000fffe','',305,110,325,130,1,1,1,100,0,0,0,0,0,'1',0,[
]).
text('black',330,103,1,0,1,108,28,101,22,6,2,-10,0,0,2,108,28,0,0,"",0,0,0,0,125,'',[
minilines(108,28,0,0,0,-10,0,[
mini_line(108,22,6,0,0,0,[
str_block(0,108,22,6,0,-1,0,0,0,[
str_seg('black','Times-Roman',0,138240,108,22,6,0,-1,0,0,0,0,0,
	"s4_90mins")])
])
])]).
text('black',330,73,1,0,1,120,28,102,22,6,2,-10,0,0,2,120,28,0,0,"",0,0,0,0,95,'',[
minilines(120,28,0,0,0,-10,0,[
mini_line(120,22,6,0,0,0,[
str_block(0,120,22,6,0,-1,0,0,0,[
str_seg('black','Times-Roman',0,138240,120,22,6,0,-1,0,0,0,0,0,
	"s5_120mins")])
])
])]).
box('#ffffa6990000','',305,140,325,160,1,1,1,111,0,0,0,0,0,'1',0,[
]).
box('#3cf3fbee34d2','',305,170,325,190,1,1,1,112,0,0,0,0,0,'1',0,[
]).
text('black',330,163,1,0,1,108,28,113,22,6,2,-10,0,0,2,108,28,0,0,"",0,0,0,0,185,'',[
minilines(108,28,0,0,0,-10,0,[
mini_line(108,22,6,0,0,0,[
str_block(0,108,22,6,0,-1,0,0,0,[
str_seg('black','Times-Roman',0,138240,108,22,6,0,-1,0,0,0,0,0,
	"s2_30mins")])
])
])]).
text('black',330,133,1,0,1,108,28,114,22,6,2,-10,0,0,2,108,28,0,0,"",0,0,0,0,155,'',[
minilines(108,28,0,0,0,-10,0,[
mini_line(108,22,6,0,0,0,[
str_block(0,108,22,6,0,-1,0,0,0,[
str_seg('black','Times-Roman',0,138240,108,22,6,0,-1,0,0,0,0,0,
	"s3_60mins")])
])
])]).
box('#00000000c000','',305,200,325,220,1,1,1,115,0,0,0,0,0,'1',0,[
]).
box('black','',305,230,325,250,1,1,1,116,0,0,0,0,0,'1',0,[
]).
text('black',330,223,1,0,1,31,28,117,22,6,2,-10,0,0,2,31,28,0,0,"",0,0,0,0,245,'',[
minilines(31,28,0,0,0,-10,0,[
mini_line(31,22,6,0,0,0,[
str_block(0,31,22,6,0,-1,0,0,0,[
str_seg('black','Times-Roman',0,138240,31,22,6,0,-1,0,0,0,0,0,
	"pre")])
])
])]).
text('black',330,193,1,0,1,10,28,118,22,6,2,-10,0,0,2,10,28,0,0,"",0,0,0,0,215,'',[
minilines(10,28,0,0,0,-10,0,[
mini_line(10,22,6,0,0,0,[
str_block(0,10,22,6,0,-1,0,0,0,[
str_seg('black','Times-Roman',0,138240,10,22,6,0,-1,0,0,0,0,0,
	"s")])
])
])]).
