Electrode_placement || Currilinear_coordinates || Cartesian_coordinates
        || phi        theta    ||        x              y            z
Fp1         90          108         -0.309016994   0.951056516   0 
F7          90          144         -0.809016994   0.587785252   0
T3          90          180         -1             0             0
T5          90          216         -0.809016994  -0.587785252   0
O1          90          252         -0.309016994  -0.951056516   0
F3          45          144         -0.572061402   0.415626937   0.707106781
C3          45          180         -0.707106781   0             0.707106781 
P3          45          216         -0.572061402  -0.415626937   0.707106781
Fz          45          90           0             0.707106781   0.707106781
Cz          0           0            0             0             1 
Pz          45          270          0            -0.707106781   0.707106781
F4          45          36           0.572061402   0.415626937   0.707106781  
C4          45          0            0.707106781   0             0.707106781
P4          45          324          0.572061402  -0.415626937   0.707106781
Fp2         90          72           0.309016994   0.951056516   0
F8          90          36           0.809016994   0.587785252   0
T4          90          0            1             0             0
T6          90          324          0.809016994  -0.587785252   0
O2          90          288          0.309016994  -0.951056516   0   
